1762463456.0141928 0 0 0 
1762463456.1180918 -0.023792717794180396 -0.024506819775461947 0.00039069672909195283 
1762463456.2220709 -0.055591981921387881 -0.052232903638038675 0.0012851420526656754 
1762463456.3261003 -0.10912033420097615 -0.08912953186233849 7.3447719149265952e-05 
1762463456.430126 -0.19118937530058688 -0.14249879778156585 0.0026416261475985794 
1762463456.5350654 -0.30504418381808401 -0.21452791699867349 0.0040873721794936488 
1762463456.6379976 -0.43576626013568648 -0.29637677204562712 -0.00010086580400737044 
1762463456.7420318 -0.57104933612823616 -0.38554609823850877 -0.0080672202223191422 
1762463456.8460851 -0.69155511636519629 -0.46123706300593703 -0.018452115383987673 
1762463456.9506648 -0.78368850889844477 -0.51482179630026526 -0.029980481480695154 
1762463457.0542703 -0.85617057399833407 -0.53818840788390143 -0.041146105647250332 
1762463457.1579738 -0.9081165534677037 -0.53660725285892796 -0.042827125977161366 
1762463457.2625866 -0.94500067127264986 -0.5188510707401679 -0.043740662609729086 
1762463457.3666499 -0.91859234366858389 -0.49039682011926294 -0.035715163579760949 
1762463457.4702325 -0.88899149210336648 -0.4537175728020329 -0.024499153488124387 
1762463457.574146 -0.84721983119391708 -0.41616203358255099 -0.017732894745722025 
1762463457.6790593 -0.78725097640375041 -0.37660242669771171 -0.016802113739866939 
1762463457.7820325 -0.72537870364552626 -0.35022688239614908 -0.014807852729241804 
1762463457.886431 -0.64942737664117978 -0.33088235432592555 -0.012461797433673691 
1762463457.9902499 -0.57390971664685175 -0.31441225775471665 -0.0059487001043014714 
1762463458.0952902 -0.50406015156626904 -0.30040995327928172 -0.0088876377236032627 
1762463458.1980309 -0.43545282750665754 -0.29169234912537295 -0.012695037935033479 
1762463458.3021207 -0.36247764040262809 -0.29289810678075506 -0.018038070835011088 
1762463458.4071085 -0.28700720471367608 -0.32155028256046719 -0.025549781368172444 
1762463458.5103056 -0.21452600420383749 -0.36371619118038606 -0.035575487332269458 
1762463458.6141114 -0.15180310165997221 -0.39857266147969472 -0.036747376234268388 
1762463458.7179515 -0.093549971734126144 -0.42377372080994902 -0.029920525216425489 
1762463458.8229926 -0.036777804927861535 -0.43329621172919108 -0.023389795236467975 
1762463458.9262447 0.01251758631029801 -0.43578210153712404 -0.014968005682781508 
1762463459.0300932 0.057059731266950686 -0.4495073736337552 -0.010401377037539994 
1762463459.13412 0.096517824298404872 -0.46709355265292868 -0.0095661143242104559 
1762463459.2381196 0.14214229269613568 -0.55032484360387879 0.0038745462745692931 
1762463459.3421168 0.16588586878191519 -0.5958990220220759 -0.038735442922480517 
1762463459.4459653 0.18326775493428835 -0.66344012712005929 -0.018788210725018246 
1762463459.5509982 0.18496399550578976 -0.69940003773714221 -0.020506960135488386 
1762463459.6539922 0.1754413713669318 -0.72505266933277646 -0.010033967894220059 
1762463459.7580504 0.15682274829853654 -0.75514383845599287 0.0028648019168146851 
1762463459.8650196 0.13178144829978783 -0.76554734876595454 0.0082343329421978844 
1762463459.9670141 0.078016157503544167 -0.70896136603878579 0.0149324945812579 
1762463460.0702536 0.042661781948084551 -0.71040431486173672 0.017480402042071335 
1762463460.1739976 0.0037439966930004954 -0.71142801002986789 0.018477376137685807 
1762463460.2779925 -0.033199063300220884 -0.71588435979039944 0.017913302285294367 
1762463460.3829474 -0.067939973668067477 -0.71889241225918687 0.018413208434698489 
1762463460.486037 -0.1007192272438199 -0.71687095931105993 0.016509621118139688 
1762463460.5901434 -0.13105177525184433 -0.72504642712544887 0.016251615112370877 
1762463460.6949501 -0.16121414074995222 -0.73079503918948885 0.017077148742138684 
1762463460.7980647 -0.19015753686802767 -0.73852246698504775 0.015397998978321318 
1762463460.9021103 -0.21550678400241891 -0.73497867654914828 0.015151055462500359 
1762463461.0060151 -0.23681133668401 -0.74494678405168535 0.014238837581350548 
1762463461.1109309 -0.26120471618100949 -0.75298444104655915 0.013840117233738892 
1762463461.2139564 -0.28175128489677237 -0.76393413470650384 0.014839138371997679 
1762463461.3181674 -0.30382789611958183 -0.77151369734285746 0.016907375394443338 
1762463461.4220531 -0.32655451585546419 -0.78114259400222841 0.016026284693757956 
1762463461.5260639 -0.35034431908013708 -0.78621147213363662 0.016029644066952491 
1762463461.6301143 -0.37559028577106268 -0.7956593376074389 0.017895675056483838 
1762463461.7343514 -0.40013106686668326 -0.80319010476246877 0.019673639060652299 
1762463461.8389816 -0.42764454109606609 -0.81228874648298677 0.026026369342850322 
1762463461.9422007 -0.45111066981879389 -0.81015446634442745 0.030328461156707179 
1762463462.0460222 -0.47447908169074116 -0.81741819913971769 0.036611802619351305 
1762463462.1501789 -0.49633015551105297 -0.82143084534325184 0.04183552997718968 
1762463462.2549605 -0.51843854053033045 -0.83474651860425997 0.045140589105788949 
1762463462.3580241 -0.54109883057098473 -0.84618229400466338 0.045921033061809287 
1762463462.4624748 -0.5659922157968873 -0.86920384491994962 0.043963032457857175 
1762463462.5643144 -0.60422978608423017 -0.84996973512870377 0.037940009015203516 
1762463462.66504 -0.62863903324547254 -0.88601044765866488 0.030333613435926724 
1762463462.7662106 -0.6558990350934043 -0.91700334634257741 0.024817371536782019 
1762463462.8704827 -0.66637306992804268 -1.0142284369827737 0.024635141385545217 
1762463462.9740653 -0.7120664052481831 -0.98688051219812789 0.018169482930028319 
1762463463.0790544 -0.74860102226600644 -1.0250432696336531 0.015527568743614236 
1762463463.1821618 -0.79038190479480597 -1.0542435748251615 0.016321337886250866 
1762463463.2859409 -0.83626493253266521 -1.0707853845176403 0.019007942777951321 
1762463463.3901725 -0.88881897063838589 -1.0880546867358734 0.022073603384739276 
1762463463.4950373 -0.94272452006235341 -1.0967084855029137 0.025360665868823049 
1762463463.5980113 -0.99789205330804254 -1.1064674663942022 0.023030368857352542 
1762463463.702265 -1.0549133861348585 -1.1107919032372875 0.01940327207005128 
1762463463.8059144 -1.1147936145618258 -1.1170220858014932 0.017504465726510099 
1762463463.9104035 -1.1612911407051054 -1.1018011236444925 0.014021369937268312 
1762463464.0140882 -1.2143047227133397 -1.1118264079199212 0.012132751846624006 
1762463464.1179132 -1.2636851020499598 -1.1183472705867772 0.010900163136258951 
1762463464.2230814 -1.3132500071854614 -1.1287017171881202 0.011278892948739344 
1762463464.3259656 -1.3581066375532678 -1.1324093471339325 0.012450319691896005 
1762463464.4301131 -1.4044990502260759 -1.1365007723706968 0.014739112994693803 
1762463464.53404 -1.4447063143312071 -1.1359614757155241 0.01587315622570843 
1762463464.638891 -1.4882362390452339 -1.1413924098223986 0.014607290005840892 
1762463464.7421544 -1.5285911331382134 -1.1422224291302903 0.011863183083565298 
1762463464.8460014 -1.573929002979874 -1.1480267536693416 0.0097808524188611849 
1762463464.9503651 -1.6047016146687652 -1.1391058469090907 0.0097046603253188 
1762463465.0550661 -1.644447829309472 -1.1444874339887863 0.012737154789036538 
1762463465.1580744 -1.6760686959654578 -1.1453267986174178 0.011619089110707644 
1762463465.2626352 -1.7121885380863877 -1.1485143502988906 0.010988163962309574 
1762463465.3667941 -1.7665851748546855 -1.0841729893822383 0.0057419548402937413 
1762463465.47047 -1.7995678808047442 -1.0841347434188628 0.0056353168415296155 
1762463465.5739756 -1.8355618202976198 -1.0916425966868861 0.0062249213645577716 
1762463465.677948 -1.8691969372914261 -1.0968079888581486 0.0081638656295724907 
1762463465.7831497 -1.9081610254256951 -1.1065110920583723 0.010663747045240304 
1762463465.8864701 -1.9191142170136903 -1.0936839885635667 0.011177650649062948 
1762463465.9900403 -1.9576080630156181 -1.1032233022749134 0.007465917771785506 
1762463466.0940588 -1.9868569092225934 -1.1072248054695493 0.0014107388993085149 
1762463466.1978893 -2.0249093812346315 -1.1137533703714568 -0.0045209341220625717 
1762463466.3019361 -2.0578108910022284 -1.1154172620969405 -0.0078242702385536919 
1762463466.4058943 -2.0959783061614701 -1.1202874080823575 -0.012513564247639296 
1762463466.51105 -2.1283657066567843 -1.1179835419842472 -0.015438535775477765 
1762463466.6139331 -2.1636078415540516 -1.1166972751769189 -0.015972960397497699 
1762463466.7180843 -2.1915904665013914 -1.1073538204424356 -0.010764041901894107 
1762463466.822077 -2.2262412190563134 -1.1061955635688108 -0.0048885250332034672 
1762463466.9270537 -2.2304324534093634 -1.0852422538519622 -2.8676774358255524e-05 
1762463467.0300195 -2.2732550818409516 -1.083224672735791 -8.9308166659238594e-05 
1762463467.1340048 -2.3094433549856834 -1.0778714590311811 -0.0021797395448277146 
1762463467.2380912 -2.354526698657927 -1.0757785087417713 -0.0072116837942577724 
1762463467.3428652 -2.3939951524011871 -1.0702315643008653 -0.011810015601774129 
1762463467.4460008 -2.4364320308347929 -1.0671961427505219 -0.015614448614640444 
1762463467.5500326 -2.4652388821169753 -1.0576978763827773 -0.016980215482829325 
1762463467.6548882 -2.4966091184356531 -1.0514576051043887 -0.014578122480671356 
1762463467.7579482 -2.5166777385319499 -1.0358984846044239 -0.011809822946348169 
1762463467.8650739 -2.540959776321142 -1.0239781509233452 -0.0062538128080637948 
1762463467.9660985 -2.5423061618237126 -0.92205103535350363 0.0021233209508790827 
1762463468.0709846 -2.5570057595986451 -0.90424306924391962 0.013372642088237708 
1762463468.1739001 -2.5802705025457806 -0.89369040599153182 0.019766183959531038 
1762463468.2779171 -2.5969486720563926 -0.88070544520201288 0.02237521512381823 
1762463468.382093 -2.6199634997503116 -0.86945777734368279 0.024301258290278484 
1762463468.4859273 -2.6373986235467912 -0.85736651811939357 0.024146199211646575 
1762463468.5901005 -2.661009042876668 -0.84913346994593053 0.02235695896604005 
1762463468.6941965 -2.6729238947376546 -0.83460703655695689 0.023275674379982472 
1762463468.7989047 -2.6922944949384751 -0.82890022028996435 0.023858973160188656 
1762463468.9021316 -2.6760512630246454 -0.81015365299566777 0.02724386657822802 
1762463469.0059247 -2.7046075630377966 -0.80899651943076933 0.031417812205267341 
1762463469.1100755 -2.7215028196006767 -0.80565140643708666 0.031102797576727719 
1762463469.2149765 -2.7466709480928988 -0.80496001525851901 0.028388045692257922 
1762463469.3181317 -2.7602976525030201 -0.79778255006695553 0.024028577128290075 
1762463469.4219413 -2.7803244332386545 -0.79467444517788755 0.018478601376213766 
1762463469.5259233 -2.7885883939907496 -0.78540558806996952 0.019169006761502561 
1762463469.630033 -2.8028457535410558 -0.78246017861049966 0.015756833785160282 
1762463469.7339461 -2.8068041292330048 -0.7779886327215686 0.013659911564516649 
1762463469.8379586 -2.818136317722109 -0.77856901716656768 0.015936119150713791 
1762463469.9430866 -2.7959274272784871 -0.77155438998407488 0.020444703899454617 
1762463470.0458841 -2.809495028732703 -0.78296775560112652 0.020387051292082837 
1762463470.150198 -2.8179422566881787 -0.79241605056514119 0.017185684291424638 
1762463470.2539344 -2.8356834014002787 -0.8039211620616572 0.011579718844089436 
1762463470.3590486 -2.8472356343183907 -0.80862961378314091 0.0075304409579224412 
1762463470.4623423 -2.8689835932120284 -0.81461191900454533 0.0039369595367949768 
1762463470.5644023 -2.8841413748821028 -0.7617727802394989 -0.00091398334126918299 
1762463470.6650398 -2.8935987023376275 -0.7663054876178943 -0.0022918414115324732 
1762463470.7670279 -2.9067983057009847 -0.76501191481648223 -0.00063542406677167412 
1762463470.8703027 -2.9168739612740819 -0.82810735667489421 0.0043846393134272781 
1762463470.9739881 -2.9132720986484566 -0.75930245079491532 0.0025399387358205077 
1762463471.077827 -2.9362530900326713 -0.75850821610255159 -0.0020902084659826874 
1762463471.1829693 -2.9682592379175041 -0.760554507839595 -0.0092429202154313654 
1762463471.2858934 -2.9900996280496446 -0.75983692334209796 -0.020712227197203753 
1762463471.3900981 -3.0186090669877745 -0.7613855143366004 -0.029146115559853171 
1762463471.4939604 -3.0402726764451926 -0.75766609583613453 -0.029337622895176906 
1762463471.5989211 -3.0691330458476158 -0.75745910536965999 -0.028687187509212425 
1762463471.7019482 -3.0855764939507782 -0.74877331571234285 -0.020579482464101021 
1762463471.8060029 -3.103586512135577 -0.74174983028118913 -0.010317992424217541 
1762463471.9110982 -3.087447389916147 -0.72678980481599786 0.00081494417141099223 
1762463472.0147998 -3.1053054823735136 -0.72096775725676143 0.010335383183762911 
1762463472.1178522 -3.1111937194631487 -0.71080127608001442 0.018210730504476719 
1762463472.2219684 -3.1273877745814378 -0.70863515351748307 0.0195494629266726 
1762463472.3268723 -3.141166634701086 -0.70875329646941343 0.017505158028466916 
1762463472.4299519 -3.1513383591173265 -0.70668162480984298 0.012143686487249656 
1762463472.5340302 -3.1765802637963261 -0.70963484558765189 0.0067056977681303441 
1762463472.6380074 -3.2073624932229805 -0.71489929956265641 0.0021363113808894468 
1762463472.7429016 -3.2289635212098351 -0.71666705651829288 0.00056678657788908707 
1762463472.8458614 -3.2572225319197718 -0.71757489466935365 -0.00056524423473663032 
1762463472.9501481 -3.2340106328562146 -0.70532312143821929 0.002031948246451479 
1762463473.0549035 -3.2590204125756124 -0.70822574061556209 -0.00039928827263831858 
1762463473.1577923 -3.274172714071176 -0.70358788033344799 -0.00044645778190387014 
1762463473.2621534 -3.293667859054688 -0.70490650860463133 -0.0035141046136569843 
1762463473.3664837 -3.2983213942453906 -0.69842437283732839 -0.0022888816374542599 
1762463473.4715586 -3.2855380498680087 -0.63180052630089356 -0.0029796660450048871 
1762463473.5739639 -3.2967756393517798 -0.63219950087502086 -0.0016352471284834847 
1762463473.6778071 -3.2969158896678641 -0.62945821600223906 -0.00071583635290376369 
1762463473.7819469 -3.3049781600657417 -0.62807887377800353 0.0026723016530717102 
1762463473.8863742 -3.279919121438168 -0.62314731894902997 0.013952167190207697 
1762463473.9899254 -3.2886534399562799 -0.62981759525412262 0.021882893080753873 
1762463474.093977 -3.2925064118390592 -0.63628960305533211 0.026453359697601753 
1762463474.198936 -3.3060520128140305 -0.64891055860326685 0.026500983377229975 
1762463474.3019209 -3.3144180912101104 -0.65851316660513148 0.024387916442805965 
1762463474.4059091 -3.3358385839332638 -0.67006573758850341 0.015852639454132268 
1762463474.5100586 -3.3485491214582783 -0.67774264367725845 0.0086067656810483919 
1762463474.614799 -3.3706549142075168 -0.68665271364137304 0.00012743832127216218 
1762463474.7179079 -3.3786922209460908 -0.68659968904363011 -0.0065808356642088391 
1762463474.8218663 -3.3925825646851049 -0.68778790050576544 -0.0091921145685317108 
1762463474.9261444 -3.3701792778667095 -0.676884106596922 -0.0082416490893707835 
1762463475.0307949 -3.378675970261567 -0.67450120184772766 -0.006471553122073823 
1762463475.1338992 -3.3787676324950429 -0.66831931865546224 -0.0029358602385817453 
1762463475.2380607 -3.387194277635925 -0.66295509285906817 0.0023345542452702932 
1762463475.3428025 -3.3841318751767564 -0.65374754593275508 0.0057255866280509363 
1762463475.4458735 -3.3921348088683811 -0.64352466052055857 0.0089019337343610207 
1762463475.5499713 -3.3903852458424595 -0.62931315176893665 0.0098961273827367687 
1762463475.6539295 -3.3979677410839644 -0.61074606871227011 0.0092312339513221913 
1762463475.7589133 -3.3959934502461371 -0.58443592703455483 0.0096483277234649858 
1762463475.8650804 -3.3998617372873072 -0.562637169658321 0.010364710029997767 
1762463475.9659109 -3.3421066110589024 -0.49838400411696665 0.0096278696842367131 
1762463476.0699782 -3.3327141592091665 -0.48688959988936564 0.0098047485202805047 
1762463476.1749499 -3.3265850490140214 -0.48131591469244872 0.0097743534127328509 
1762463476.2778058 -3.3023873491895075 -0.47496587501272197 0.013494011578352399 
1762463476.3819478 -3.2836632294184378 -0.47264207597736596 0.014460375415736212 
1762463476.4869833 -3.2553684808619745 -0.47189429813726624 0.014519749981033213 
1762463476.5899515 -3.2341487681524574 -0.47628108066966079 0.016277767014998716 
1762463476.6938877 -3.1979353337081333 -0.48363936152364823 0.020615765097002078 
1762463476.7979472 -3.1678821274626356 -0.49766724703109921 0.024830577476112215 
1762463476.9030271 -3.1042867197277753 -0.50932603546803035 0.026488493217182243 
1762463477.0059528 -3.0716730920653594 -0.52487203674867278 0.028843846170231821 
1762463477.1100037 -3.0330099129278838 -0.54219284846351512 0.029658392718814992 
1762463477.2139316 -3.0110261529437579 -0.56502115049660562 0.029882925422622157 
1762463477.3181398 -2.9836500163622937 -0.5951624022386115 0.031657921776884521 
1762463477.4220357 -2.9695049981604558 -0.63259633381962843 0.035109453592141085 
1762463477.5258217 -2.953659362435149 -0.66651061217602736 0.034335801161086456 
1762463477.6308055 -2.9522695554992104 -0.70446285379942208 0.02994366027371001 
1762463477.734796 -2.9497939294039361 -0.73410669035945741 0.027049252112562722 
1762463477.8378546 -2.9629016436942037 -0.75463177795333558 0.030320078227041206 
1762463477.9419198 -2.952722148225805 -0.75195497065859895 0.035144388881463491 
1762463478.0459542 -2.9810103558317214 -0.75268330473160627 0.035000365949092699 
1762463478.149919 -3.0029775113375341 -0.74158553902009294 0.035875992159955933 
1762463478.253922 -3.0360958901827106 -0.72608343787521346 0.038575705033555979 
1762463478.3579078 -3.0555343174988021 -0.70324392118659096 0.039768341727436478 
1762463478.4630854 -3.0808301339345001 -0.68073515407492002 0.040783967237190938 
1762463478.5643182 -3.1110004700077432 -0.58828780349058774 0.039943634334994989 
1762463478.665216 -3.1241637045331005 -0.56718446429242597 0.042338538153594743 
1762463478.7657893 -3.1419172130850894 -0.54718811267815637 0.043983861931953493 
1762463478.8710694 -3.1525141216108095 -0.59105190866630963 0.045103623191738711 
1762463478.9738927 -3.1370449934337765 -0.50940075715882083 0.04200852682201367 
1762463479.0777261 -3.1392484873139637 -0.49132433151174315 0.040427986069856037 
1762463479.1819506 -3.1466287715666201 -0.47645148214084548 0.044380280566780249 
1762463479.2868414 -3.1392896523619984 -0.46765916185903406 0.045287408100193785 
1762463479.3900661 -3.1360961628502855 -0.46617765769793201 0.041601633782770688 
1762463479.4937108 -3.1330907139864563 -0.46571411398537049 0.037780166231605294 
1762463479.5978739 -3.1357855545247499 -0.4701351928875232 0.031009443647678006 
1762463479.7028048 -3.125558834077057 -0.47537323373819856 0.025516574071299519 
1762463479.8057423 -3.1252259900086687 -0.48211976052760019 0.014494634957906771 
1762463479.9101696 -3.0744908240445148 -0.48143578998659931 0.0036811567701036303 
1762463480.0148535 -3.0742782975110656 -0.48792738044413514 0.0046587720347391042 
1762463480.1177833 -3.0654435856250006 -0.49338878207874765 0.006127050241873191 
1762463480.2218337 -3.0614941855992202 -0.50075060559605056 0.011459664770174561 
1762463480.3258963 -3.0445479084317002 -0.51000816666437843 0.017528312140445163 
1762463480.4308307 -3.0386625910524625 -0.52728079838335395 0.022251347564408806 
1762463480.533797 -3.0264898458999432 -0.54185419880158636 0.025415593855132292 
1762463480.6377532 -3.0224897685675693 -0.55748928108071516 0.032446802501458948 
1762463480.7419293 -3.0094475325655643 -0.57257700277782253 0.034313788261539226 
1762463480.8458209 -3.0088294627085514 -0.58933679381539505 0.030717937629168149 
1762463480.9501603 -2.9805232749151287 -0.59949981781457673 0.029477878865769545 
1762463481.0540736 -2.9834422447113353 -0.61469026021568818 0.032762231085480507 
1762463481.1587684 -2.9815213327033696 -0.62756807771124001 0.039459792005039261 
1762463481.2621417 -2.9892707046847291 -0.63899776013900944 0.047631752101490864 
1762463481.3665378 -2.9823006060997095 -0.61681454129691915 0.045440206227271157 
1762463481.4700124 -2.9772977502910738 -0.62523941015398565 0.043023661304947704 
1762463481.5749807 -2.9835857139647515 -0.63350832298916626 0.038936257149079875 
1762463481.6777766 -2.979937026443682 -0.64212484971502315 0.037223262486922967 
1762463481.7821302 -2.9828557400308831 -0.65260483560607718 0.038394191254218508 
1762463481.8822269 -2.9460590082224609 -0.65463195436685773 0.037427077384987892 
1762463481.9909275 -2.9568091035688449 -0.66774832521992322 0.038545871243455383 
1762463482.0937243 -2.9558344057655068 -0.67628645530925602 0.037521442916617825 
1762463482.1977246 -2.9692628570584096 -0.69133948346940088 0.035817785009620913 
1762463482.3027422 -2.9732346730818189 -0.70142509146675036 0.0321864764780379 
1762463482.4057984 -2.9852367693779644 -0.71228729446409411 0.031127598473143035 
1762463482.5098622 -2.9930289964261596 -0.71966633729365259 0.030847875242873871 
1762463482.6137745 -3.0059634940973732 -0.72999595054856459 0.03388180004209318 
1762463482.7188332 -3.0052177229585078 -0.73243201067630848 0.037796393855818886 
1762463482.8217595 -3.0105770897119166 -0.73883157210908534 0.039712537151739565 
1762463482.9260786 -2.9831134364398544 -0.73308086507609138 0.041772884049715242 
1762463483.0299227 -2.9915199701579267 -0.73693218492853618 0.042372738733277515 
1762463483.1347728 -2.9921037471231506 -0.73953841330452597 0.04139348910083037 
1762463483.2378738 -3.0103804667413927 -0.7419629742185615 0.034733637793248423 
1762463483.341866 -3.025604947294771 -0.74619182370708415 0.028515614814409271 
1762463483.4467831 -3.0442179032261629 -0.74847417818634465 0.021894100968845118 
1762463483.549916 -3.0514973555306488 -0.74671391350329719 0.016478418006373029 
1762463483.6537375 -3.0651082659537257 -0.74452281225165418 0.014276831131196085 
1762463483.7579482 -3.0632040740473561 -0.73824138574565612 0.012496327561067383 
1762463483.8649902 -3.0710054409676379 -0.73538933681625995 0.015477397503000114 
1762463483.9660532 -3.0318794135221077 -0.66598134403134313 0.019401308990642071 
1762463484.0699275 -3.0340820242429656 -0.65893238367097207 0.023098020439620059 
1762463484.1738696 -3.0430543949580229 -0.65300820495814338 0.028922247482026587 
1762463484.2786767 -3.0382063384794837 -0.6391818276369079 0.035754483017280604 
1762463484.3819237 -3.0389364100613903 -0.61518953042821667 0.041623794520229358 
1762463484.4857407 -3.0342750834510608 -0.58493739770658315 0.048690170084029864 
1762463484.5907819 -3.0432776113926012 -0.56267846439397506 0.051540812814791233 
1762463484.693835 -3.0399988680558607 -0.53747669790777397 0.053065351122832886 
1762463484.7976179 -3.0414182819084421 -0.51962725350961181 0.049704336047302518 
1762463484.9019589 -3.0106849053685583 -0.49976033532276032 0.040936696565225396 
1762463485.0067065 -3.0165420628264932 -0.49285053710161547 0.031443518645991347 
1762463485.109941 -3.005324288679128 -0.48285855322937787 0.029518714200106742 
1762463485.2138457 -2.9983415448698771 -0.46506551161513782 0.028844899734378784 
1762463485.3179493 -2.9777539617634909 -0.44386417383492838 0.02811450747484465 
1762463485.423059 -2.9582587957546487 -0.42701340276900618 0.028523137443583542 
1762463485.5258932 -2.928137493787613 -0.41421202417555586 0.03322373682074032 
1762463485.629802 -2.9019749745495722 -0.40339656319571676 0.041697707363245816 
1762463485.7347155 -2.8601702097785262 -0.39876855477504164 0.046308959938276592 
1762463485.8377848 -2.8233907877580626 -0.39829338814349641 0.047820772888657971 
1762463485.9418035 -2.7620862760658511 -0.39653598747382518 0.048661871294811525 
1762463486.0457814 -2.7309351895749843 -0.39953340395632958 0.053261361192854899 
1762463486.1507032 -2.6948969123801776 -0.40540432240009155 0.054913411307422125 
1762463486.2536376 -2.6705788734872948 -0.41523959394535503 0.051617392800938272 
1762463486.3576689 -2.639223995842034 -0.4222091429088613 0.046127735361639444 
1762463486.4623146 -2.6144043477995491 -0.43095909729968174 0.041196771643585664 
1762463486.5646458 -2.5397740101272124 -0.42264362304630254 0.036328277861854316 
1762463486.6648979 -2.5079334361380736 -0.42406526028765024 0.040748261426262027 
1762463486.7658641 -2.4767960871305399 -0.42158305683919367 0.044754741899789119 
1762463486.8702984 -2.4860110723161273 -0.44076914306989279 0.051396903909966152 
1762463486.9747319 -2.3981794589395542 -0.41779560508541214 0.04378595176278071 
1762463487.0776923 -2.3735370669141225 -0.41781828438953028 0.042833120557230625 
1762463487.1818948 -2.3633810702743432 -0.42284092687883856 0.038055340499575326 
1762463487.2857425 -2.3501283901257208 -0.42982431612627148 0.02951610674843614 
1762463487.3906956 -2.3421241582398786 -0.43665251674697053 0.02359157340958289 
1762463487.4937527 -2.3246373861724381 -0.44172555550023879 0.02014876566764192 
1762463487.5977349 -2.3109897298260691 -0.44675652947901584 0.021699835281901517 
1762463487.7026546 -2.2850847896973439 -0.44873594199563432 0.0286791098044002 
1762463487.8057554 -2.2677352126581662 -0.45187349352199224 0.035446118875374216 
1762463487.9100537 -2.2247380636803245 -0.44894465508691905 0.038880596114973832 
1762463488.0137393 -2.2237412218382784 -0.45477585657829106 0.037716994664166059 
1762463488.118645 -2.2211724876891097 -0.4583911762097897 0.037915587783468332 
1762463488.2217805 -2.2249545973828928 -0.46270400324462224 0.038259935467026773 
1762463488.3257468 -2.2224970083070987 -0.46675545591530165 0.036795878630094182 
1762463488.4297566 -2.2218152757772343 -0.47193321621079687 0.032484702957946809 
1762463488.5347643 -2.2076785588150352 -0.47098488987547221 0.028305730653121228 
1762463488.6378131 -2.2004170983732854 -0.47002029923939781 0.025638844125210173 
1762463488.7417054 -2.1793655996377064 -0.46585648100209748 0.027061033678513743 
1762463488.8467162 -2.1680010132723373 -0.46547147934963834 0.028784495661577036 
1762463488.9500935 -2.1207027902262712 -0.46046415556076636 0.029173400862552663 
1762463489.0538957 -2.115222504159195 -0.46417444956177484 0.029960414402207657 
1762463489.1576691 -2.1013630261509917 -0.46656806507043502 0.029569975515337625 
1762463489.2629931 -2.0931614015607836 -0.47136503394583973 0.029414254608934751 
1762463489.3662415 -2.0567730034723861 -0.4620147429100489 0.026488649159061933 
1762463489.4705429 -2.0435693998128301 -0.47276309794617993 0.025218161461974628 
1762463489.5738719 -2.0394774122998802 -0.48470371423021413 0.022848979495408768 
1762463489.6787655 -2.0342466337399432 -0.44930073223014583 0.026240852046733688 
1762463489.7818146 -2.0259686751669079 -0.43813236032466868 0.023410290866683982 
1762463489.8861637 -1.9991658973173372 -0.42599530185519019 0.032494120908872187 
1762463489.9909439 -1.9816246110542026 -0.42386454701416326 0.034481510441381397 
1762463490.0947757 -1.9543760891635162 -0.42587709416762437 0.036071676060555821 
1762463490.1977301 -1.9308853675666879 -0.42612136029725467 0.036605452922833681 
1762463490.3017695 -1.899978988709746 -0.43111673351769392 0.035944256747149766 
1762463490.4066098 -1.8790362876501625 -0.43952354778149522 0.02847190235749093 
1762463490.509814 -1.8508318699135826 -0.44457005417133771 0.019225667753599376 
1762463490.6138034 -1.8275939642432053 -0.4528729344779881 0.010288046701580135 
1762463490.7177696 -1.7998739864648285 -0.45378310289281443 0.005371006714043597 
1762463490.8227148 -1.7768710871038349 -0.45467959738140951 0.0070802072216505745 
1762463490.926096 -1.7280280494278619 -0.43893879450932732 0.01334528273452402 
1762463491.0299046 -1.7082296714187151 -0.42316008593260912 0.021016122595606083 
1762463491.1347694 -1.681207767791512 -0.40031800300757686 0.030790426667350108 
1762463491.2381136 -1.6557239647079041 -0.37809058574397408 0.04054946236032192 
1762463491.3416936 -1.6257403160335306 -0.35840402889219558 0.048573367176675861 
1762463491.4456406 -1.5974870685521749 -0.33197398692309799 0.046693343159980763 
1762463491.5506155 -1.5633280087643342 -0.31010900521804335 0.047571123171125947 
1762463491.653646 -1.5301414322178584 -0.29539882354646319 0.04273776643659298 
1762463491.7577691 -1.4833148366752791 -0.28433219464748349 0.036232221387087871 
1762463491.8646719 -1.4378421377872899 -0.2768090960147257 0.0381141393396092 
1762463491.9667995 -1.3193974418838366 -0.27944990682350707 0.042535244933130288 
1762463492.0698466 -1.2690040467784569 -0.28610657603245016 0.047780559506649854 
