1762463456.0141928 0 0 0 
1762463456.1180918 0.027721751598917425 0.019954115827428766 0.00040991378127664671 
1762463456.2220709 0.063885425922484612 0.041676557135866918 0.0014536872110697068 
1762463456.3261003 0.12308773235922872 0.06855606169652094 0.00089595090571356953 
1762463456.430126 0.21328044129097884 0.10654323399978755 0.0051240059831864299 
1762463456.5350654 0.33804842924257517 0.15722838197798802 0.009663500999942053 
1762463456.6379976 0.48125771495694408 0.21454988372871031 0.009528580227728168 
1762463456.7420318 0.63037443440238983 0.27822620964174005 0.0051446012293678298 
1762463456.8460851 0.76263223217994858 0.33122400716153183 -0.0033650176005979157 
1762463456.9506648 0.86294538636165752 0.36768327725439609 -0.015564638759375842 
1762463457.0542703 0.93851841845320627 0.37783314970286386 -0.028162126710973377 
1762463457.1579738 0.98918589009892444 0.36729941134675775 -0.032551474250071877 
1762463457.2625866 1.0221116058056885 0.34369223231685708 -0.036186497507873658 
1762463457.3666499 0.99038003538256902 0.32168455549427954 -0.035255357198920874 
1762463457.4702325 0.95456074848776296 0.29128484045485681 -0.027067260497532775 
1762463457.574146 0.90660913654145148 0.26236632552218703 -0.022594709368010505 
1762463457.6790593 0.84038515268785563 0.23469745450868018 -0.023360193885010729 
1762463457.7820325 0.77465504460775159 0.22020195161883424 -0.021750120111366397 
1762463457.886431 0.69634482909920559 0.21471074741655499 -0.019937910151562693 
1762463457.9902499 0.61901707389791927 0.21191895825898316 -0.013078037861387424 
1762463458.0952902 0.54761559738095089 0.21041086140666046 -0.015690552501043748 
1762463458.1980309 0.47836506415049324 0.21371494253795281 -0.018908840426827753 
1762463458.3021207 0.40651247760212861 0.22739379669407078 -0.023331942180002764 
1762463458.4071085 0.33685333767329012 0.26845983790741368 -0.029658985642218093 
1762463458.5103056 0.27250108690671365 0.32222194594723236 -0.038635018959475319 
1762463458.6141114 0.21671608243079094 0.3670952185312612 -0.03911467704116018 
1762463458.7179515 0.16386299385576092 0.40169595583654938 -0.031941818967914926 
1762463458.8229926 0.10969893676936378 0.42068022830179758 -0.025290024574965823 
1762463458.9262447 0.061721056050638948 0.43150298763252365 -0.016806370383516556 
1762463459.0300932 0.020203321966514254 0.45262512249713671 -0.011966820530926075 
1762463459.13412 -0.015729960568889215 0.47667548815446498 -0.010799778409741535 
1762463459.2381196 -0.046551118121473799 0.56648256721534163 0.002715034463512882 
1762463459.3421168 -0.06239918718155596 0.61528471775819427 -0.040561779782188771 
1762463459.4459653 -0.067727413168562248 0.68487412264647873 -0.02129090812280348 
1762463459.5509982 -0.063251865091168549 0.72056762086002335 -0.023961076035823769 
1762463459.6539922 -0.049482366180775485 0.74426432558618094 -0.01427717417051721 
1762463459.7580504 -0.026053227773193872 0.77081783414037186 -0.0022122671003812415 
1762463459.8650196 0.00038761964694242548 0.77684597125352384 0.002661626523956582 
1762463459.9670141 0.044648412374864332 0.71194364503283158 0.0088591382982545434 
1762463460.0702536 0.079799505411796146 0.70732146346716773 0.011325587110980636 
1762463460.1739976 0.11836386756073776 0.70165175365600763 0.012651317826251288 
1762463460.2779925 0.15560806211768333 0.69967940962613895 0.012179308046130558 
1762463460.3829474 0.19039140201532664 0.69666986933616226 0.012782561108084844 
1762463460.486037 0.22237282978979517 0.68902281054690129 0.010899254421423723 
1762463460.5901434 0.25363576975448149 0.69187058672926327 0.010723422856283206 
1762463460.6949501 0.28430571785846687 0.69237488365302335 0.011414761071369003 
1762463460.7980647 0.31407628352063011 0.69503333080432239 0.0098579228466138223 
1762463460.9021103 0.33846685628599271 0.68718552504830466 0.0090898170824461489 
1762463461.0060151 0.36109967725183567 0.69337181110936408 0.008403534626752451 
1762463461.1109309 0.38652072901435081 0.69709645879212589 0.0079545106785924649 
1762463461.2139564 0.40879476042482399 0.70427815527719939 0.0088584754294627668 
1762463461.3181674 0.43204100760594755 0.70785327016496091 0.010721504298969868 
1762463461.4220531 0.45627236614611572 0.71330131356093285 0.0097575486103497807 
1762463461.5260639 0.48070861144592997 0.71411053500976651 0.0095887947609295567 
1762463461.6301143 0.5072851978003392 0.71902122329193174 0.011502522404546033 
1762463461.7343514 0.53283381965201604 0.72216294983908913 0.013231086457668855 
1762463461.8389816 0.56150074093413271 0.72642863736618257 0.01971258070536943 
1762463461.9422007 0.5842549147418683 0.7203169959720972 0.023675540796807643 
1762463462.0460222 0.60847741361729679 0.72353097617879358 0.030024972361509836 
1762463462.1501789 0.63066811537416911 0.72378901185103761 0.035066552347142385 
1762463462.2549605 0.65471209805227049 0.73315107357336018 0.038203604492074231 
1762463462.3580241 0.67898239937209592 0.74055077932173141 0.038582444176428081 
1762463462.4624748 0.7073855805286432 0.75899599438105347 0.03641402975294241 
1762463462.5643144 0.74189268818645149 0.73321447327153488 0.031199434463575457 
1762463462.66504 0.77201968317776881 0.76456412515250638 0.023430384121133404 
1762463462.7662106 0.80405410855634107 0.79049715891780703 0.018050363610577283 
1762463462.8704827 0.83019490346192837 0.8853170460292733 0.017590655950297993 
1762463462.9740653 0.87093132722233868 0.85008969166192017 0.011312839710816499 
1762463463.0790544 0.91322613581653167 0.88164134254198745 0.009212411866983192 
1762463463.1821618 0.95914684297063157 0.90350784404609519 0.010505518751421214 
1762463463.2859409 1.0069800779515139 0.91219744617508391 0.012985406020219938 
1762463463.3901725 1.061436833872625 0.92056713170585647 0.016044051304481447 
1762463463.4950373 1.115810904052017 0.92019425792874865 0.018728063107730356 
1762463463.5980113 1.1716805966460098 0.92059673567954325 0.01598223492690495 
1762463463.702265 1.2284836147447546 0.91529615952222976 0.011761810173380433 
1762463463.8059144 1.2883361659991048 0.9115386493511547 0.0098368528652739082 
1762463463.9104035 1.3315818850972925 0.88861041175205868 0.0045439812840375416 
1762463464.0140882 1.3852412367709244 0.88990592589786488 0.0039094271464958658 
1762463464.1179132 1.4348613704436721 0.88818962957848224 0.0033908473921725672 
1762463464.2230814 1.4852623464432486 0.89033295873517448 0.0048317708890550344 
1762463464.3259656 1.5300021943067825 0.88657335132022208 0.0063684415847439736 
1762463464.4301131 1.5761924246490684 0.88317994331055194 0.0089138852278291408 
1762463464.53404 1.6155541502350454 0.87620243843822654 0.0095310335234636296 
1762463464.638891 1.6591213680900061 0.87468797702017487 0.0086219564184120967 
1762463464.7421544 1.6988920524568192 0.8689847808283433 0.005908453071063584 
1762463464.8460014 1.7442861932349201 0.86761527030351238 0.0047976517173820296 
1762463464.9503651 1.7730098332452815 0.85390130871991055 0.0035027413543825912 
1762463465.0550661 1.8125796363680053 0.85365176228993245 0.0074910315909901149 
1762463465.1580744 1.8435887795259371 0.8498548254763133 0.0064761160434839617 
1762463465.2626352 1.879333724005561 0.84785034398773607 0.0070774684311059087 
1762463465.3667941 1.9240223129574401 0.77098650801506985 0.0022725906757277391 
1762463465.47047 1.9563351502090183 0.76588069765542854 0.0019983301373339836 
1762463465.5739756 1.992788386070065 0.76798308009427818 0.0024375632797684075 
1762463465.677948 2.0266049008173894 0.76799445153971013 0.0029498969228607037 
1762463465.7831497 2.0663056050638415 0.77196047939375112 0.0041443984836030947 
1762463465.8864701 2.0751130839722105 0.75708279904353881 -0.00055567808142922056 
1762463465.9900403 2.1142965712484165 0.76100321692375605 -0.0032917522920706049 
1762463466.0940588 2.1437154070006286 0.76022401909697046 -0.0096349537115771981 
1762463466.1978893 2.1821992479874148 0.76060764630600941 -0.014403525092556206 
1762463466.3019361 2.214935877071885 0.75667238012907878 -0.01756475236212586 
1762463466.4058943 2.2533151465790007 0.75528191684606028 -0.021109291331858432 
1762463466.51105 2.284847423655652 0.74763821636263939 -0.023989119520135112 
1762463466.6139331 2.3193107493173852 0.74074163991350961 -0.023797119250731427 
1762463466.7180843 2.3453107257829657 0.72700281877005368 -0.02004051231996699 
1762463466.822077 2.3791212312323076 0.72069883314093997 -0.014759639920165567 
1762463466.9270537 2.3799653144746586 0.69863943701679798 -0.015739076596436918 
1762463467.0300195 2.421696492532535 0.69011328677550887 -0.013932558512452229 
1762463467.1340048 2.4565892422538167 0.67844893059482958 -0.014716887019132962 
1762463467.2380912 2.5008487059725177 0.66829219948459906 -0.016990258690951582 
1762463467.3428652 2.539089114990853 0.65527641007482562 -0.019676380488748837 
1762463467.4460008 2.5806463349515805 0.64434234245470035 -0.0209737599346267 
1762463467.5500326 2.6077189956687792 0.62907977259221037 -0.02182087686890568 
1762463467.6548882 2.6377728930899762 0.61696372821930934 -0.018510261596976677 
1762463467.7579482 2.6551818620622964 0.59717997851831639 -0.016653365373705067 
1762463467.8650739 2.6772522585980068 0.58071946707119271 -0.011497522402935762 
1762463467.9660985 2.662334691857013 0.47478649980324211 -0.0074167967696153166 
1762463468.0709846 2.6738420517947716 0.45461545174318213 0.0025066996162754654 
1762463468.1739001 2.6950126934390624 0.44010611539283545 0.0090719068344932621 
1762463468.2779171 2.7093126484525571 0.42402154797755387 0.010762738566518503 
1762463468.382093 2.7301320436777252 0.40860579007232822 0.013283454566740349 
1762463468.4859273 2.7453193841337664 0.39316872995829949 0.013103957317750848 
1762463468.5901005 2.7672019596728896 0.38069071073710559 0.012826020777058637 
1762463468.6941965 2.7765024420965467 0.36399111837140219 0.013321573718381977 
1762463468.7989047 2.7946117986153975 0.35497946526638835 0.015131012912970617 
1762463468.9021316 2.7755279070036329 0.33855172287938279 0.013003862638658414 
1762463469.0059247 2.8034508227782977 0.33256988298048268 0.020622187422234352 
1762463469.1100755 2.8195399955408971 0.32612677125386103 0.021323987016608877 
1762463469.2149765 2.844215887636627 0.32087037160631349 0.021118559167573818 
1762463469.3181317 2.8564306573944429 0.31106414469860522 0.017902444074572574 
1762463469.4219413 2.8756119097781641 0.30443005771097004 0.015210880824737979 
1762463469.5259233 2.8821448183388196 0.29400404693526 0.016046376537476242 
1762463469.630033 2.8956486649609832 0.28889005985743599 0.014066609058717233 
1762463469.7339461 2.898773364586686 0.28390530733103925 0.010634046236398569 
1762463469.8379586 2.9099847295031522 0.2831121520686733 0.012343543213762204 
1762463469.9430866 2.8869214722757519 0.28021973094607455 0.0092550813597825979 
1762463470.0458841 2.9021681133753257 0.28991964960976274 0.0091265066052421111 
1762463470.150198 2.9120566762500042 0.29819826233313185 0.0045626325630464424 
1762463470.2539344 2.9314445669858591 0.30684894859256567 -0.00038873230197842808 
1762463470.3590486 2.9436102035330225 0.30956039712765243 -0.0045439351811871823 
1762463470.4623423 2.966067441279534 0.31158326755387677 -0.0058938541156733351 
1762463470.5644023 2.9721894732477065 0.2541492581571646 -0.0082440329829228196 
1762463470.6650398 2.9823236988341701 0.25652003215941188 -0.0092537307785934067 
1762463470.7670279 2.9951621552851133 0.2523608967268256 -0.0061371778582257506 
1762463470.8703027 3.0158752065432077 0.31373637015560857 -0.00097662646290700697 
1762463470.9739881 3.0006577118367059 0.24440231624248457 -0.0046677666693249256 
1762463471.077827 3.0231683022801752 0.23938362929297352 -0.0083776910768716076 
1762463471.1829693 3.0550443500731119 0.23579365693123014 -0.014030854896354857 
1762463471.2858934 3.0764351472031963 0.23108861810903314 -0.024935270708546023 
1762463471.3900981 3.1048222191909365 0.22733771956521795 -0.030897334443531276 
1762463471.4939604 3.1255536721325514 0.21955856634409268 -0.029746169492708419 
1762463471.5989211 3.1539863060137909 0.21422811602565806 -0.024931905862609696 
1762463471.7019482 3.168691759905057 0.20250179407215693 -0.015901180779478927 
1762463471.8060029 3.1852157751793166 0.1921651109793206 -0.0046417314395687742 
1762463471.9110982 3.1667588630635022 0.17942522053300861 -0.00060287963718979438 
1762463472.0147998 3.1833492708491038 0.17040205387660817 0.0086038263243984094 
1762463472.1178522 3.187415508777959 0.1591848668744322 0.011789714552909929 
1762463472.2219684 3.2030134575385811 0.15397512511491265 0.0098339501411293089 
1762463472.3268723 3.2166265133123901 0.15120534934711766 0.0040384350535540049 
1762463472.4299519 3.2262909829639446 0.14665680956691435 -0.0042561793605061472 
1762463472.5340302 3.2516709915871114 0.14445876332937119 -0.0074953961356547527 
1762463472.6380074 3.2829242048623239 0.14358358062877999 -0.007221895720508415 
1762463472.7429016 3.3045298642958332 0.14095858410921219 -0.0055196007277192915 
1762463472.8458614 3.3325337758601288 0.13648725011059545 -0.0015920788870751553 
1762463472.9501481 3.3075582155134162 0.12784639015393881 -0.0048538016299266218 
1762463473.0549035 3.3327132412576881 0.12577518926754536 -0.0009808141330452391 
1762463473.1577923 3.3468260419733147 0.11830517973252745 0.0015477281558872371 
1762463473.2621534 3.3662588269015612 0.11598430246600629 0.0016286383762648166 
1762463473.3664837 3.3697081736624974 0.10857767559107939 0.0018910326497431733 
1762463473.4715586 3.3453923218352211 0.047636321537598031 -0.0046962166150383202 
1762463473.5739639 3.3565253517898763 0.046285121013067122 -0.0019363697120309499 
1762463473.6778071 3.3561829187262329 0.043652468677810898 -0.0017943487164825383 
1762463473.7819469 3.3638758931822617 0.041294815058051021 0.002136565078888437 
1762463473.8863742 3.3383588694096757 0.041215983136143816 0.006163523840804379 
1762463473.9899254 3.348133303578642 0.047075106906439436 0.013335224584637628 
1762463474.093977 3.3530761441237091 0.053357720898267152 0.014001304431844563 
1762463474.198936 3.3686142473123404 0.063787313977397578 0.011677242747373709 
1762463474.3019209 3.3785238766616725 0.071648951143648165 0.0066698597038134712 
1762463474.4059091 3.4015876829535956 0.079113808086783144 -0.00083514897931858203 
1762463474.5100586 3.4154173010941662 0.08406634258213834 -0.0069206737034262908 
1762463474.614799 3.4387316344232857 0.088433788303731442 -0.010522716643530061 
1762463474.7179079 3.4466440034276702 0.086387332075669732 -0.014349451810950689 
1762463474.8218663 3.4605459886060275 0.084881360971062109 -0.01302937297152261 
1762463474.9261444 3.4365779584237499 0.077686118270664642 -0.015658422952311929 
1762463475.0307949 3.4445502445040739 0.073708744932427336 -0.009257338929570957 
1762463475.1338992 3.4435700054857774 0.067301293975022283 -0.0051184477568484077 
1762463475.2380607 3.4509373542700872 0.060259252052205108 0.00042330389654312385 
1762463475.3428025 3.4463242633562134 0.051148890733310255 0.00021799436555961169 
1762463475.4458735 3.4524244477409938 0.039233519179853578 0.0028210409008726065 
1762463475.5499713 3.448219783444737 0.024972772384302171 0.0013331362982841755 
1762463475.6539295 3.4524276182077589 0.0048911800092710954 0.00060246932233689785 
1762463475.7589133 3.4458668964471495 -0.020638358563482739 -0.0023124179129485303 
1762463475.8650804 3.4458538763146795 -0.042550877659439428 -0.0028862541033442208 
1762463475.9659109 3.377778599864822 -0.09326562591946283 -0.0083165157902195478 
1762463476.0699782 3.366533283667807 -0.10263495373842688 -0.0078101725371451849 
1762463476.1749499 3.359541424224298 -0.10663662638965642 -0.0062197168393426042 
1762463476.2778058 3.3346368875175938 -0.10822291297435267 -0.0046372811171751733 
1762463476.3819478 3.3158077278558498 -0.10701748567428446 -0.0031950473119700703 
1762463476.4869833 3.2878179585982465 -0.10273676603034948 -0.0041504178018950616 
1762463476.5899515 3.2677052345388464 -0.094481072013694309 -0.0016477995499266603 
1762463476.6938877 3.2333595327678517 -0.080672439111928382 0.00072786768271945149 
1762463476.7979472 3.2062428190855066 -0.061283389487400107 0.0042132028159514601 
1762463476.9030271 3.145667095740639 -0.038585814589217102 -0.00058876462229475845 
1762463477.0059528 3.1162765920659559 -0.017420909323585906 0.0038627193783161472 
1762463477.1100037 3.0812233041147143 0.0063590219323112094 0.0049345843625773871 
1762463477.2139316 3.0635350614325803 0.033280558844171818 0.0081064929414099065 
1762463477.3181398 3.0417961294786253 0.068931287987848269 0.010616657358509784 
1762463477.4220357 3.0343152391448029 0.10982955108468066 0.015467016375325531 
1762463477.5258217 3.024503163238637 0.14726213881179237 0.01460995268307312 
1762463477.6308055 3.029589421235471 0.18567913080649126 0.013086734592210351 
1762463477.734796 3.0322311881467483 0.21528222167660793 0.01249429784842627 
1762463477.8378546 3.0487055439181012 0.23274600970061096 0.019959436311878836 
1762463477.9419198 3.0383427720886451 0.23065020453055232 0.022653322887284753 
1762463478.0459542 3.0663713834741468 0.22549873638212808 0.026396645904797303 
1762463478.149919 3.0861849106152541 0.20926566900981522 0.027941176794005984 
1762463478.253922 3.1162091199669519 0.18651373040150693 0.031888041116798133 
1762463478.3579078 3.1315021745442371 0.15853414298292401 0.031377626356645504 
1762463478.4630854 3.1525677397685188 0.1297947449859698 0.032372310399480561 
1762463478.5643182 3.1660145467387371 0.034595768245473911 0.034014419091836147 
1762463478.665216 3.1753025261020693 0.010100056930690987 0.035234608687063615 
1762463478.7657893 3.1892627637893733 -0.013750894183219058 0.037511612371410513 
1762463478.8710694 3.2074684711650301 0.020943794745281755 0.037806698645519651 
1762463478.9738927 3.1777988691773373 -0.052627923884511991 0.033612307721467255 
1762463479.0777261 3.1767491573899007 -0.071449983269357795 0.032783788819647601 
1762463479.1819506 3.181363490148398 -0.087814680187838723 0.038251479480475574 
1762463479.2868414 3.1725810452783358 -0.095815791798370839 0.038005362947801997 
1762463479.3900661 3.1691293899210349 -0.097744770488015068 0.034875735049904794 
1762463479.4937108 3.1660516770022666 -0.0987372633658921 0.030694142240125798 
1762463479.5978739 3.1694182662086159 -0.096291389034659822 0.025603737494074404 
1762463479.7028048 3.1602483118329499 -0.090552169907927846 0.019487028147822657 
1762463479.8057423 3.161063812113964 -0.085145318789158722 0.010625299578061281 
1762463479.9101696 3.1109941535847634 -0.077094873512510195 -0.0077171736090210505 
1762463480.0148535 3.1119357323344952 -0.071666347927549362 -0.0013474738872295933 
1762463480.1177833 3.1042275923206359 -0.06467104788454768 0.0017658753968950486 
1762463480.2218337 3.1016682579355983 -0.056450769046147674 0.0098219024654062868 
1762463480.3258963 3.0866764014836465 -0.043657434794408 0.014503773224002552 
1762463480.4308307 3.0839919126259421 -0.025162073514282731 0.018741877921384657 
1762463480.533797 3.0746438182297213 -0.0080132907110608189 0.01984667979825442 
1762463480.6377532 3.0735203377413773 0.0086270188684357488 0.026264094189129436 
1762463480.7419293 3.0634041680896673 0.026283095899102899 0.025698506582354685 
1762463480.8458209 3.065767772398154 0.043106157961808188 0.022934881084247183 
1762463480.9501603 3.0397417676329201 0.058607531228203509 0.01797533321099001 
1762463481.0540736 3.0453077768264012 0.073258157275101543 0.024060218434670072 
1762463481.1587684 3.045701838515714 0.087005189662653443 0.031601147861980698 
1762463481.2621417 3.0553291821295971 0.0979400153617562 0.04120205547529146 
1762463481.3665378 3.044383323679015 0.08260429857987274 0.039352308714232904 
1762463481.4700124 3.0409031600049539 0.092610937989629674 0.037529121579578266 
1762463481.5749807 3.0484759220268995 0.10065639359190648 0.035991432912316865 
1762463481.6777766 3.0463459634478118 0.11097725023587342 0.034567273206446647 
1762463481.7821302 3.0509856175718189 0.12189288972835544 0.037741701301890737 
1762463481.8822269 3.0151464697852868 0.13109741106681072 0.03021086363004543 
1762463481.9909275 3.0279432376283433 0.1429570954342422 0.03488127774631064 
1762463482.0937243 3.0284400244454259 0.15210187480436238 0.033827513037607282 
1762463482.1977246 3.0442233857315837 0.16539167335344812 0.033236750496491822 
1762463482.3027422 3.0498611055222793 0.17519964621453113 0.028458222217159674 
1762463482.4057984 3.063514716335805 0.18449043065325715 0.028311663304466651 
1762463482.5098622 3.0724475698734057 0.19092318277670789 0.026609594993849635 
1762463482.6137745 3.0869508453375847 0.19927785101194534 0.029688526453590599 
1762463482.7188332 3.0866476871460558 0.20213766585736503 0.031067660247737997 
1762463482.8217595 3.0930291905890761 0.20768433776390258 0.03257656614484402 
1762463482.9260786 3.0650725098623748 0.20648141512291154 0.028534851413501216 
1762463483.0299227 3.0740050711675835 0.20893862805145036 0.029894784976449242 
1762463483.1347728 3.0750525488041514 0.2113489023874468 0.026434500068644319 
1762463483.2378738 3.0934383869021387 0.21059340990645473 0.019884601777467505 
1762463483.341866 3.1091449437469136 0.21199280397716042 0.013320847754462602 
1762463483.4467831 3.127858988549403 0.2106818863015526 0.0081780148343126909 
1762463483.549916 3.1347465178648712 0.20698053118273513 0.0035561404874396101 
1762463483.6537375 3.1477920229144454 0.20197698526298216 0.004172024473373716 
1762463483.7579482 3.1448815052217305 0.19515838961373363 0.0030368022664019776 
1762463483.8649902 3.1521775270267614 0.18925296129265728 0.0084616628739118196 
1762463483.9660532 3.1016059509985938 0.12713504890908567 0.0088058841881059925 
1762463484.0699275 3.102611752045465 0.11824996892937435 0.014014119673999431 
1762463484.1738696 3.1104738082060059 0.10912729173097394 0.021913134853673123 
1762463484.2786767 3.1033606149084916 0.094590917304590363 0.027110868891968436 
1762463484.3819237 3.099925937705335 0.069186220485616734 0.031585608304778821 
1762463484.4857407 3.0900735649497664 0.039413345295264579 0.035209733903765035 
1762463484.5907819 3.0950380501304506 0.015505734221499111 0.036071735924152609 
1762463484.693835 3.087396496295634 -0.008212759337091681 0.034722835567770234 
1762463484.7976179 3.0856333316021161 -0.025401243146073234 0.030494079609190219 
1762463484.9019589 3.051863244214307 -0.038964826668296204 0.016501096869965745 
1762463485.0067065 3.0563210660836866 -0.046762846518385436 0.0114516717594585 
1762463485.109941 3.0434976086893828 -0.054509862617260589 0.01219827113823963 
1762463485.2138457 3.0334614441372225 -0.070982786136765258 0.015591312716044246 
1762463485.3179493 3.0094397683231286 -0.088474062360839947 0.016404519721756231 
1762463485.423059 2.987258517106393 -0.10199702855431843 0.018228447958004414 
1762463485.5258932 2.9553774753813564 -0.10947972876546952 0.02056130303577848 
1762463485.629802 2.9277812869056339 -0.11550724568206247 0.026096956707941883 
1762463485.7347155 2.8858982183852349 -0.11264069208737026 0.025259781458305736 
1762463485.8377848 2.8496555335222791 -0.10672733950332358 0.02307823701722778 
1762463485.9418035 2.7890643801784489 -0.097586612851700782 0.018058231443283924 
1762463486.0457814 2.7589692291698897 -0.089465450463800222 0.023567961279437586 
1762463486.1507032 2.7245443132843481 -0.077762027768509143 0.025472881764885835 
1762463486.2536376 2.7022872745656921 -0.06400412853070056 0.02503502321438358 
1762463486.3576689 2.6725943923018791 -0.051703999840070444 0.021390165748947327 
1762463486.4623146 2.6496487915812494 -0.038837696367739212 0.01964499796697235 
1762463486.5646458 2.5747147490262692 -0.030961923520031489 0.0168736134295326 
1762463486.6648979 2.5436496888238453 -0.024572510940227634 0.021548506763410229 
1762463486.7658641 2.5125821637804089 -0.021994548043354156 0.026480711288506216 
1762463486.8702984 2.5250735427922324 -0.0096234550231535654 0.032880442461299342 
1762463486.9747319 2.4345432794788167 -0.012770099682787557 0.023896430247357131 
1762463487.0776923 2.4102877148562349 -0.0086526221625593674 0.022875024477977596 
1762463487.1818948 2.4011328718177447 -0.0021940375573888645 0.019205722863887192 
1762463487.2857425 2.3892565745490324 0.006881504280551301 0.011369223317421993 
1762463487.3906956 2.382538727740994 0.014701604280576215 0.0077864609439478177 
1762463487.4937527 2.3662049413748778 0.022448150901548947 0.0060557629271028954 
1762463487.5977349 2.3536731598835114 0.029273629071767109 0.010075809136973686 
1762463487.7026546 2.3285723623101822 0.035356265611721456 0.017309565305720621 
1762463487.8057554 2.3120903358543767 0.041150754121826297 0.024778428213875311 
1762463487.9100537 2.2693225972605329 0.045953666052092147 0.024200541572500629 
1762463488.0137393 2.2693663767303707 0.05104622092389649 0.025282496133552091 
1762463488.118645 2.2674955422872571 0.054316548162312822 0.026095221670032361 
1762463488.2217805 2.2719974411717794 0.057151767863273334 0.027259501731875298 
1762463488.3257468 2.2703154083984751 0.061008419044911895 0.025562930951668922 
1762463488.4297566 2.2705644177220403 0.065531910772879606 0.021957454572359713 
1762463488.5347643 2.2564805783059145 0.066642764025510934 0.01807599683477714 
1762463488.6378131 2.2491447054364859 0.066632076469791537 0.01789131719289647 
1762463488.7417054 2.2276832102710609 0.066396669496975716 0.02019837309363693 
1762463488.8467162 2.2164154221178003 0.068340079488417596 0.023514866830847823 
1762463488.9500935 2.1689920637266922 0.072904080982216762 0.020422360644768527 
1762463489.0538957 2.1642472552609915 0.077471482708091899 0.023532437629283327 
1762463489.1576691 2.1510365171564789 0.082413001979429246 0.023166990178788281 
1762463489.2629931 2.1438318068606592 0.088555582063302302 0.022758281190336332 
1762463489.3662415 2.1061785560766904 0.090308806825388499 0.018184288429906343 
1762463489.4705429 2.0950831943188213 0.10341297841550978 0.015778437074966987 
1762463489.5738719 2.0931523597413038 0.11601990493711022 0.013433625781813901 
1762463489.6787655 2.0817473742425152 0.082328045049484808 0.016403048911323524 
1762463489.7818146 2.0715946593676824 0.073306637183521164 0.013371008328291205 
1762463489.8861637 2.0431305656360319 0.066541294548348853 0.019542210122794973 
1762463489.9909439 2.0254973928279756 0.067463960529671241 0.022252046876317568 
1762463490.0947757 1.999049679902559 0.074347246302429268 0.023048368558009263 
1762463490.1977301 1.9759840528183648 0.078482378010661394 0.023774249044300037 
1762463490.3017695 1.9464607445605342 0.088668899400187254 0.022409400137089384 
1762463490.4066098 1.9272964231811702 0.10038925138709623 0.014814316835859638 
1762463490.509814 1.9003692430899981 0.11025881949523596 0.0055229245212253834 
1762463490.6138034 1.878907294389013 0.12248049800087051 -0.0023116070095101477 
1762463490.7177696 1.8517488063612513 0.12839573511695956 -0.0059340273274922284 
1762463490.8227148 1.8292802132041235 0.13335354398219473 -0.0022933996539168835 
1762463490.926096 1.778439541197258 0.12677374726457233 0.0027416813343440699 
1762463491.0299046 1.7562023924970169 0.11461538019823188 0.013085001353898555 
1762463491.1347694 1.7256033183996202 0.096997968924915939 0.023381487152057619 
1762463491.2381136 1.6966673947713338 0.079298867662203301 0.032404295105364071 
1762463491.3416936 1.6637866571691395 0.064631188018212729 0.038485894339009515 
1762463491.4456406 1.631362903927317 0.042937112320897607 0.034108804666933078 
1762463491.5506155 1.5939274538314168 0.027111307454036816 0.032944176946991893 
1762463491.653646 1.5586411545844041 0.018367465199995683 0.026836014611049844 
1762463491.7577691 1.5105317122813267 0.015992166796591167 0.020461482699089699 
1762463491.8646719 1.4644431172774586 0.017335119661725316 0.023912890577246763 
1762463491.9667995 1.3483368079488898 0.043247510707713051 0.028785626318434069 
1762463492.0698466 1.2999500529475443 0.058803566852527862 0.034398049696750463 
